2.31250e+0  -1.36986e-2
2.53125e+0  0.00000e+0
2.75000e+0  0.00000e+0
2.96875e+0  0.00000e+0
3.18750e+0  2.73973e-2
3.25000e+0  1.09589e-1
3.34375e+0  2.87671e-1
3.40625e+0  5.34247e-1
3.46875e+0  8.35616e-1
3.56250e+0  1.16438e+0
3.59375e+0  1.43836e+0
3.65625e+0  1.65753e+0
3.75000e+0  1.83562e+0
3.81250e+0  1.93151e+0
3.96875e+0  2.02740e+0
4.09375e+0  1.95890e+0
4.15625e+0  1.89041e+0
4.21875e+0  1.80822e+0
4.28125e+0  1.71233e+0
4.37500e+0  1.60274e+0
4.43750e+0  1.50685e+0
4.50000e+0  1.41096e+0
4.56250e+0  1.31507e+0
4.62500e+0  1.23288e+0
4.75000e+0  1.12329e+0
4.90625e+0  1.00000e+0
5.09375e+0  9.31507e-1
5.28125e+0  8.63014e-1
5.46875e+0  8.08219e-1
5.68750e+0  7.94521e-1
5.90625e+0  8.08219e-1
6.09375e+0  8.35616e-1
6.25000e+0  8.63014e-1
6.46875e+0  9.04110e-1
6.62500e+0  9.45205e-1
6.78125e+0  1.00000e+0
6.93750e+0  1.04110e+0
7.12500e+0  1.08219e+0
7.31250e+0  1.10959e+0
7.50000e+0  1.12329e+0
7.68750e+0  1.12329e+0
7.87500e+0  1.10959e+0
8.09375e+0  1.08219e+0
8.28125e+0  1.05479e+0
8.46875e+0  1.02740e+0
8.65625e+0  1.00000e+0
8.84375e+0  9.86301e-1
9.03125e+0  9.72603e-1
9.21875e+0  9.72603e-1
9.43750e+0  9.72603e-1
9.62500e+0  9.72603e-1