2.22571e+0  1.36054e-2
2.47649e+0  1.36054e-2
2.66458e+0  4.08163e-2
2.69592e+0  1.22449e-1
2.78997e+0  2.85714e-1
2.88401e+0  5.17007e-1
2.91536e+0  7.61905e-1
3.00940e+0  9.65986e-1
3.07210e+0  1.12925e+0
3.13480e+0  1.23810e+0
3.22884e+0  1.29252e+0
3.38558e+0  1.26531e+0
3.54232e+0  1.19728e+0
3.73041e+0  1.12925e+0
3.88715e+0  1.06122e+0
4.10658e+0  1.06122e+0
4.29467e+0  1.08844e+0
4.48276e+0  1.12925e+0
4.63950e+0  1.15646e+0
4.85893e+0  1.15646e+0
5.01567e+0  1.08844e+0
5.14107e+0  1.04762e+0
5.29781e+0  9.93197e-1
5.48589e+0  9.38776e-1
5.67398e+0  9.25170e-1
5.86207e+0  9.11565e-1
6.08150e+0  9.25170e-1
6.26959e+0  9.38776e-1
6.45768e+0  9.65986e-1
6.61442e+0  9.93197e-1
6.80251e+0  1.02041e+0
6.99060e+0  1.02041e+0
7.21003e+0  1.03401e+0
7.36677e+0  1.04762e+0
7.55486e+0  1.03401e+0
7.74295e+0  1.03401e+0
7.99373e+0  1.02041e+0
8.15047e+0  1.02041e+0
8.33856e+0  1.02041e+0
8.52665e+0  1.00680e+0