0.80000 0.0000
0.85217 0.0000
0.90435 0.061947
0.93043 0.30973
0.95652 0.79646
0.98261 1.3363
1.0087 1.7080
1.0348 1.8938
1.0870 1.8938
1.1000 1.8053
1.1522 1.6549
1.1783 1.5133
1.1913 1.3628
1.2304 1.2478
1.2565 1.1327
1.2826 1.0442
1.3217 0.97345
1.3348 0.91150
1.3739 0.84956
1.4391 0.77876
1.5174 0.75221
1.6217 0.77876
1.7000 0.84956
1.7652 0.92035
1.8304 0.98230
1.8957 1.0619
1.9478 1.1327
2.0130 1.1593
2.1304 1.1062
2.1826 1.0619
2.2739 1.0000
2.3522 0.95575
2.4304 0.94690
2.5478 0.94690
2.6913 0.98230
2.8348 1.0177
2.9783 1.0442
3.1217 1.0177
3.3174 0.99115
3.4739 0.99115
3.6957 1.0000
3.8261 1.0088
3.9696 1.0088
4.2565 0.99115
4.5435 1.0000
4.7913 1.0000
5.0000 1.0000