0.58942 0.0095969
0.67153 0.0047985
0.75912 0.0000
0.83577 0.0000
0.95620 0.24472
0.98905 0.90691
1.0328 1.5835
1.0712 1.9002
1.1533 1.6795
1.1916 1.4779
1.2409 1.2908
1.2737 1.1468
1.3175 1.0413
1.3504 0.97889
1.3887 0.93570
1.4380 0.92131
1.4708 0.92610
1.5146 0.94050
1.5584 0.96449
1.5912 0.99328
1.6350 0.98369
1.6788 0.94050
1.7172 0.90211
1.7609 0.86852
1.7883 0.84933
1.8376 0.84933
1.8759 0.86372
1.9197 0.88772
1.9526 0.92131
2.0347 0.99808
2.1113 1.0557
2.1934 1.0557
2.2810 1.0317
2.3577 1.0077
2.4343 0.98848
2.5109 0.98369
2.5985 0.97889
2.6752 0.96929
2.7573 0.95969
2.8339 0.95010
2.9161 0.96449
2.9982 0.96929
3.0693 0.97409
3.1569 0.98848
3.2336 0.99328
3.3102 0.99328
3.3978 0.98369
3.4745 0.98369
3.5511 0.98369
3.6332 0.97409
3.7208 0.97409
3.7974 0.97409
3.8796 0.97889
3.9562 0.97889