2.06897e+0  0.00000e+0
2.28840e+0  0.00000e+0
2.47649e+0  4.08163e-2
2.63323e+0  9.52381e-2
2.69592e+0  1.63265e-1
2.78997e+0  2.31293e-1
2.85266e+0  3.26531e-1
2.94671e+0  4.08163e-1
2.97806e+0  5.30612e-1
3.07210e+0  6.53061e-1
3.13480e+0  7.75510e-1
3.22884e+0  9.11565e-1
3.26019e+0  1.03401e+0
3.35423e+0  1.14286e+0
3.41693e+0  1.23810e+0
3.47962e+0  1.33333e+0
3.60502e+0  1.38776e+0
3.76176e+0  1.41497e+0
3.91850e+0  1.38776e+0
4.01254e+0  1.30612e+0
4.20063e+0  1.21088e+0
4.35737e+0  1.14286e+0
4.48276e+0  1.07483e+0
4.63950e+0  1.00680e+0
4.82759e+0  9.65986e-1
5.01567e+0  9.38776e-1
5.23511e+0  9.38776e-1
5.39185e+0  9.38776e-1
5.57994e+0  9.65986e-1
5.79937e+0  9.65986e-1
5.95611e+0  9.79592e-1
6.14420e+0  9.79592e-1
6.33229e+0  9.93197e-1
6.52038e+0  9.93197e-1
6.70846e+0  1.02041e+0
6.89655e+0  1.00680e+0
7.05329e+0  1.02041e+0
7.27273e+0  1.02041e+0
7.46082e+0  1.02041e+0
7.61755e+0  1.02041e+0